$ANSIBLE_VAULT;1.1;AES256
62333766353637393132303238623633656434613835623634316339326636336133383261303932
3863353530383665326130653434306466626439636531650a343239313330323265343164623730
38663935306564613937663262626534313164306661356361373831323438313534626365316534
6461376635636334620a313038643333336262323663323238613163643136323836366365323261
36386333616239306634333735333437383335333730363636666462633435373663386437633336
35386436623364626364323138313765653231643833613064306566366539326137656638633634
65383936643137333835353833663532303636343133383934653938633536616566633935313532
61366361313736643734313766356530393334343538326164313766643130343733613461653563
32656537306530656638633134343730373333356434343735313330626337376561313965303133
34306232383835373033623962303964396230336264616363343961356136396439333739306132
38356265643530616639626437386335356433323734383835626230643939636163366630623261
33643939646332623239666136396233663133393265333037383632386235663034326535383933
65323465376366663631396261313131646265633335346432356233393738333137623931666437
31663739313339623164646163363638313439613066373466353333656330623763613936636335
36646462326261366233303266646436303261636464613934376139626439613235323861336361
38343335313635353134303431643061623330636162363935383437643263366233306162363931
64643435333561306664656265386438666462643136663532613064376538353266333866323531
65373665643661613935643362323832633637623135353764643165376637613866373737323636
37616230396635623036633766393131313738353264633562663263323835616637336335613234
65623062633161333265356530656365616435373761333433646436373134613164616133376265
66623037623831383633643735623332363265316566313136656165336165353264393436303762
64623038623234633664316666643230643164333736666335366265366334336236353533323832
30343038313933393763636265623265616530303663653462663939363363643138623263613262
63663164636631623637353430333438373437316235316430623331393337353337343561396533
39623539353566336566386334313334633231393737653432613639613831303263353464663464
64633131393933353034353439623037613930356631383033316466636537613366346538393534
35643464326130323831336639633862393431643139613764323230316364393662623964396439
61323362613035666234656464393630666161626461353435373130623333376630343431613265
30346664363561663332343465323663316139663637363731356462653833386230393239313562
34306334343366326566393832363336346364653235303231373933636230666436623838623837
64343365663137356564376232656437393866373065303032386437386366396235316664303966
34326234333563396637613064666362386137393531313035613461616163663735646131646365
66393134616532303663336635333964343165346234613736363961313564653764363739656539
66636437636331356235393239313638333539636661366466633063636165346264343032643632
376238613733303339623134336431346239
