$ANSIBLE_VAULT;1.1;AES256
62643539643261363432323034383335396261316331383731303837613935633461333562653732
3462646234343439316265663661666435323139353663380a643230363261393363353536356435
30333265633566383235343234303538636666633464313161333432376134366530646439663236
3934313432333063610a306232616239313264616437616337336361383064666332343337363638
66653666626533313833376131313332303665346134643264616239383536613061363433316437
38303434313135353935633663626466363037616234336630313538303464636130663537363139
37333236343865376532373561643930393033613766343535343533313334353537633437663238
38666661613938613731353961323037646131353865346632306136663336656338646337313139
38343432393761336136323538363034363164333862343061363034663438323937666132653238
66346233343732653133393037313064376531383762623438333761383363353866323232333730
37346632663432353365643963323939333731636336633965333738333766623762336462303734
36333530353138353239323765656562383461366466363036616233393139623064343431643461
34613538383730303935333663326132323833666464633266393739616636313434353562353534
35653763326137653034336233383961663430313864373639356366383831383231306138303664
38616261616232613337353433346566663730626561656463353366356265663637303932373365
61613836303164643233653538393836313232363331396337643934316639336134333437373362
34613138643639636136623234336438653133373734336133303565323763623563656166653636
38373739343263356531316462626631356332613863323734383364326435633939336364386239
65366433306233373633646530666162643663616663656232356236303266366462333039356438
61306164623839393232626165326335333332643735346262663439656561333236376233653066
32303032333761633432646330656634356465383431643233623063373932386638316163323961
39373763663836363961656436616264633063346335646137336363326361373939616334353366
61356237326436356363613166363733356561633539376134653064626639643237306562366439
32363934326365356164306632613837616661363138303763346337363032396265616462633830
34626438623038353938373265303633623438623331643938303733613936373238323634313662
66343637376539666165623965346465656230636534643261316339646438346232306331343864
62306330396331616436396561643734346534623134633461393763306562313033363337363539
33356232373565303462643930383233663338646365663135366262383261396139636166623062
39396238323266313930343961663165386266616635366465373835373864373861656133643864
62643731376431313338373233313131326632326237343736323537653739333733346436643539
35376236663561323836326237313663393632313637643036653639613131396265666562326462
32393639323438666430656637376332336437396265653837376634633839386465623831316330
38613831643339343564343138363566313564366365633362666537306336373666643335633031
30393966313664393264346436356335616137393064633337633063396462626434646532653039
37613463663465656337353235383130663564616262333666353930663337616331313736613331
36396136353033646437356538353566313564333333616633636234313031343635313534633263
36386330313566346161393036336539343332656132383762653234366134663137613134323130
61373737303639333237326330646637623935343430336264363163383033386362396337353233
37373665346531663364613536353934353465626134643461393031663635653534353065666466
30633439613466616339393663363531326239656465336563376138326163306231656266383039
37613565366537633762383466376361383865373261663562343539366232343531633131363836
62323730653663363733323232313932313061306161356236326135333364343064643638303837
64373534396366636539383934666430353861363762316333643930323038613466653966396561
63313864313934636633636437633432616161626437306233353139373032636233333634373564
64373033663835346564636338363138396261633166626663303532373536376462626431643233
34313661656235336338346265626461623466613637356331303538343964633966623335393535
62643131316438373965646637353335346562653930306230336632643165343563613261333238
64613231366239653965626232313236636230626630343833376235633962633837393935316430
38326432336365353731326233323735343131373337663930626462393435303436636433326461
33623361653162346265323364386265353663343134313964613966343737383966343764383866
32303538626662393831383236663366663161653138643533376632353761323232396331643363
35663332353035656130663864356636633730616465666666366635653937363738636534323339
39386666613865396263353531646466353231323037653532373637663364383231306663666461
32323837313936653864396161323835623838653838633939666135363861653434313230666365
35663162653139313237303262613763393834383936373939363637373435323033313164336162
62346634303539383037386538363662313464623930336361653637653739353632646561393435
32313963386536353937643636613130663534653166373761303938343933613938353832616464
61613732623135343365646337633965306637626530643935656137656234343536323864656465
34386132386633653363666364643066306564336364343833633139386137616635323033303533
61393531633431396530656136356433636561356437333436386661313839303539323936666263
37643833643632663562316332393533363866343165626432623737383765393333
