$ANSIBLE_VAULT;1.1;AES256
65313266383466383266356638353866656366623830353538346439343363393864346535313637
3762633131633835356563666565643634626432636138300a633134333337636135653466386431
31613365376162633230653037396636306430323264643034383662653034653537666530373539
3434396431616139610a616433623939333031333732386638623961323761653964616539333331
66306139346333383765323663383932396236343636633666306665666136303230333865666365
66386166663839386139386462353233323336376164303433313265616230643466633265633463
63623033623566386534366633306139336266376633333037366166633632336632386630396135
38333634353433626461366337306332623230646365613238613932363465383766616339653637
31333833663763366438363430653537653635396231366632373961393362363338353134356336
31616135393135336535633635653863633234626433643161656133356262343933363732636530
63663763646433383837313938626263323135366639363031653733636135646334363337636564
35333736306266626537383436333063366230383435343732613362373464376137616139363561
30663931313037386235663462393761363161633735336666316432396130356163616534396330
65313733333036623336343739336266386333663063313037653137336339373666653530626266
33343734623535623337313261356564323461396430316663663335353061343333303933373333
34343633366634343366656232343334396137396466633032333062633230663461326632623663
38383263343435373466396330623066663834363865386634626266666330333763633237393733
64363461373730613664306366393930376536306438393562663366353366363165393862393935
64366137326563623237643037316463363161643063323366316336653939393232383832323636
63646436356265323165393363326132633533313236313563383735653763323761383430366339
34646336653736323632336430383865333232613366616462623462653239353736313162336365
61383633353963393436323361383836333435396164376432333630353730623136346165323537
32653431306266666363316566666630613964353736373861653162316466396436323338653539
61653231643633303233656435393732396433386430653334383764393331643635306464613834
39363737616635336330373134346237363339396661656239323862666662323765613038646330
30663662633039643330373634343434663330636361663463613234623835303936636161353035
34323064326435326136313337373235366262323461653539656530663862393238333164333436
65626430306334333463323434393331396131623562656432623566643438306438633931323230
62303265663932633563376133363865666465633365376231386364636564343039313265363632
38653365323462633765373831366434643061343237306636356330613039323634336337653439
62306131656136633131316134396534626539316635633731336665626665396334663262383564
65323932396638363535383935333433313835363365333063393764363431653563353132633466
32643965333464373032323361303663383564383635326464333363393166386663306134323437
35313730363337653764666461376435386233393761386335656338623866646664306362353261
62303533373533323638356130326535373234356634363961333632626265393336306434313763
39663665376265373862613562636663353663373066323265633066373462393365366230663731
35613566353135303134303165303264646535636266313330376435303137343266623063316566
39356436633332623234646234383032356336643261323135366639656565306438346565646263
38626235663033643966333137623663613336613532386563633262616439306337376363373439
37666561383531343766646133333262653531346435626533613635343733633933396133313565
33383538383363303538373638643633653133626232643561346464393836393238656639663731
65353936626437613536393432333766373665363638386436373161303461323733363436613635
31366534323331666166356439356332616231616530353665303066366133303333633932636330
32366366313535353563383834663435626166386336323830333233373066383662616434303862
35663938646664353338616365346566643530643035616335303331643838326566666362333130
36643331646566303565363331633563633862326534613662663330306534636162323338663064
32643533343839306363633836346438313961313135646631396635373131373537313236623036
30356662396233386365303930653230613162303231653564333864626330656232306335663634
38346238633036376230633162353164633338393962396535306432383362333262316631393839
65393963306334353137646661643439633433626133363337323633373539633035333365303664
38616230393835333866346162303233353033383565666433643866323730633434353466303462
63353033656534643461383936373337303661306635353436316666363666626437396639616466
62653865613738303634623839313165343536353761353636633032333361356436666530363063
36373533666336343634646231373931613764373037353834343065376239323432653334653662
37623534393635613364663461616234323334633265613430643633626438353039306339393032
35303532343930306130383834386566383035313163666362623533373438353430666637653339
38396135386335376361643534633062383434326536643835623663646132323265616132346334
65393736333433623337353665323435396363386435306664396466393036373132353739346632
31376666303334363562386436663334333737323636653337396532366439313337666261333965
34366566346337343136626166386463383665306537303534383264633763383966616137666162
39326137363561343631376631373236373934643035386663333730626565393539616235393066
37656537633766306565666636613865333166306239366565306366303039363763356534643861
36356330333765366230623362626364343439363463306436313437356430313633393664303633
35613633373034663133353232353031393063353331336635656136346265373339626130613635
31386138643032323061666439653862363135656333323731396536613135313934303239613731
61363132326536313464613839373835303437643836323366316532653461326263656630363364
66393439363461663464663838656333353863663132306363366433663336313136343733306231
32633264313065306336366633313939393631613733636563393030393938323062393866393035
66313863666134366439323135376138636534613763383036333239373163343737386439336331
35663333623939393736643132333862306165353830666238326536353832386163363465343335
34356431333337383864356138386332373834663663383336323537666533646135353166333064
62663162343236303864316336623131636637613433343538303835633161646361623164366565
36363263316162323130633438373563666430393632363735633766303236396464323332656237
66366636393633623131653963326261623937646565616362383037393736313362633738616336
61313963646635663131323137303236303765366162646138636535666334663031623238626664
35666535306635373561656237353539663030326461636464323034333062396430336533663233
36623232313937393936643137623739323031313736666436393965616634363730636231373832
31343338303833643630626361383239306232336530316565376530386536326261643761336235
37376338316135353837326362363138343464623036343165333564613233336639626431376636
34376639643332666535656364393435663738656562326665636461343636313331393164393464
61343833373061623436343932303862626233303935386365666265616563313230643834333065
36626363323234306531386134333430663038363638313631336633336462343063353734626366
34323763373331623166626461623462613863356437626663616537373038313133303937626634
37393938623634376661363637306634356638663561323461663263323363643835613863383435
31383030323736653666643232326661613864393163613630343138643735656337323561616365
64373238666338323466356364636236636165653535316265636534623862623736313932623235
38336632303131383131656339353538623731633634353633663737373837303639326566313539
63356566636137373534616539623462326331363530383066636337663463366533636432376430
33613066323438346637656235373863626137313566363036393337313030663938643537353839
30626236353465663763643332343662623837666165306135336131663738616132653166346430
33636663646230666461656166383761393664383762623462376436323739656437363934636339
36613739656630373937323462613164633838366534356564353036656236353637366533646431
30643235313437633762346435653135313937663239333934353231303363303336616530643334
39376136303035373932626162666463613865623662626138383733643435353532663066363936
63626536613432653861313334656230616135353664653266616135653566646239333464383162
33333362376638613632343730646233633536373366326438336531303432383266636466383536
66313639643463343264336239376331383464353739386531396336396261663163646434346363
63623161346166313334636531323130323538343965326638303838616133323866613966333362
34663038376636343232663463623063306436373161623861623639313530306463623061346233
39373831353732653938336335636431316338333831353037303332336564303038613734363331
30376663333030633565363465306136393939303365386337373232396236643339316661663334
38343865323035313463396336653236613937363231383431363134333864353562316662363539
34383764393832313362373130383337316136356135373461373763303263613232373535336264
36643339353764643537666430663066643261363637663034663962356262636162376636633732
33633636326332626130343433633039643062663034326363316130376330306430326365623634
36623761376632653862653561303765383439643932383731653233616662666338303836393839
30313762326563336466323461663162643766363231366665373062616133316362386434313263
34626530366537336664666138343238663332343839663631636435653634346638393630373563
35623034623361313666316434373066336338313532633331636264646134303463333666393134
36383838333563303734373538306361363761643731333432323561303663636535666535646435
31363030363039303363373034356237336230643631656132666338666130316638366432363765
65316330326262323230613037343631613038326637366661666632643763313837643237623137
38323861333833656561316133376231646565363465363266353566653034366430633139363339
33653766373231336263623339613863643136393331623261323365383230663434623630653635
61353531376234333061383066633034333632613861636132323161383366363739373237623063
64323236633033646539343432393930386530313861363831633063346235313262353066396636
39343734393236613137383833363530376635666661656232343364623364396636303839363033
39626331616433333136643564373236383665333131666366313066613663623766656234313865
36396331373438326430383163316537653533633464306331373539353435306434376565313061
31626538306135386361373239613661633965383131383734373665376236373833653166393263
39303866323439316461643266336333346433393763333137343862636561303162643536333334
64306261343536303366373861306265616564613530653864343230306134363235613636303630
37356230656164656361666166333738383462663039626364353038343836383435663636373737
63623066323765336339376365316436373633643561346366663532343337663635663134656364
64613537333033616132616362653961633334623364323661383534656131323230653136666436
63613839326332363634393765616535633236373431393165393261373038623465356339623835
31393065613963303939386530623365383764396433663463326232313963623836393731376666
64653862366639336235653436333362653864366532386566633435643634356464333739336136
35666565343337643961356334333330656264653665626134353265646131363838653366363939
37366136373637653362656437646530326232313461333635653166663162326165326539313565
33616337343864343664623532623333346662323539316365326334323430356662303063303830
30373362303962303466376339623939633036353661636565323239313236353331343136373731
30346262623432613539613864666333636263326563383934653437343861326530306131643439
35306638356638303230303736663330623865616535353734653837326339666333626536663937
62373430303664643735383565376162363032373564303038376236356339343862356163303762
64383630323137646338643364303363653033626161336432323931623632643933366566656134
34366638346364393638353063656433303663666432313865356663303362626332633866356634
61373631326562343631386364666334393131363431643037376632396466613036313236663361
64633939353931396164353461653033656538303536643131303865303465666635323035306563
36333833346635336633653931643037333162303337323234653236646630666364613234616361
34633135393730663937386239613536303263373363303635373964626337376239613161396531
39386237643665616264393337633835633631336536346231356564303537393365346161346536
63623432326239353938393835306239646636663866653338396338323135633763346662386438
30653463636130333939633339353362336435323161633965623633393561326133383331653038
36343136346664626662303634633864393334633735653739366237333962626662633136316165
35306462306530343734626636366232616539653334323663383461613734303461396538336631
38623864333463393834323631393865626166363436666531313432636239613339346138383663
34333535393135323835343961633866643564613436313534353161363232613965383539643636
33313535653763333834353064336131643530343633613031343664633930343965343236323333
65636637626662316638363161396335653361643831383937346633346339363164613035333230
31343564616633373039316166383730306530623537346461336139326432643330656561393637
36346339333463626131663266343737306636646636663536643033323138333135626236313038
61386466306634646334613963333164316334666536623366643132316539396163636465356364
65396265373761316633633965623462326161356638636335373037363362613566323761656534
34623233633463386163613364333133366663616339306137363839633162383832373138656364
62353433333463313132633432316631373031343239396131323237626638323937303135363738
63626366316565333433613734303036353236306234313333393833356635336436633062636431
64633466363132383931396535643333393439326539396537666138393830663933356537333634
32326339626666343830313061663637626436363562633438316134643238653564333635616135
31393832393762383461373730383231383133363835363862616334303665396262363532333730
62306566326431343738386662616432653064386130373735333434326265393436363730633632
31326166376132373763363331373331636365623061383839643062653132666434373838346330
63396338633162373235396231383463336435373365386432366561316663326165306362383762
33663832643630353762323633353061323935393532663864366535323462316233643964373137
37316238336363316135613930323263666566396436336434323636613531663862636161376235
3961653136333665346663326462656337356534373632306135
